scores with drama: 
Metric      Genre  balanced_accuracy  precision    recall  genre_occurences
11         Horror           0.743885   0.703769  0.530060          0.073139
15        Romance           0.668899   0.591423  0.407358          0.090971
0          Action           0.664512   0.602652  0.399849          0.097201
16         Sci-Fi           0.653066   0.742204  0.313158          0.027848
5           Crime           0.642172   0.582378  0.328008          0.071868
6           Drama           0.637431   0.545747  0.673114          0.190712
4          Comedy           0.610456   0.548681  0.288793          0.102013
19            War           0.601107   0.624390  0.206452          0.015146
18       Thriller           0.591216   0.498584  0.240898          0.089237
1       Adventure           0.586335   0.501859  0.196697          0.050298
3       Biography           0.577595   0.753521  0.157122          0.016636
7          Family           0.555206   0.596708  0.116000          0.030535
2       Animation           0.553127   0.771739  0.107413          0.016147
17          Sport           0.552459   0.600000  0.106109          0.007597
14        Mystery           0.541659   0.388571  0.095640          0.034737
8         Fantasy           0.541219   0.440816  0.090226          0.029241
10        History           0.539267   0.525253  0.081123          0.015659
20        Western           0.522562   0.500000  0.045662          0.005350
12          Music           0.512162   0.529412  0.025210          0.017442
13        Musical           0.511237   0.520000  0.023132          0.013729
9       Film-Noir           0.499812   0.000000  0.000000          0.004495
{'jaccard': 0.3303023391368255, 'hamming': 0.09448288096505233, 'precision': 0.5700762817101295, 'recall': 0.3720117083555083, 'at_least_one': 0.6540713145290048, 'at_least_two': 0.11490154337413518, 'lemmatized': True}
scores without drama:
Metric      Genre  balanced_accuracy  precision    recall  genre_occurences
10         Horror           0.768839   0.669559  0.593050          0.090352
14        Romance           0.722821   0.536641  0.566327          0.112419
0          Action           0.693004   0.548567  0.495351          0.120117
5           Crime           0.674632   0.527623  0.418763          0.088812
15         Sci-Fi           0.666356   0.701439  0.342105          0.034414
18            War           0.653016   0.608150  0.312903          0.018716
4          Comedy           0.629177   0.496063  0.363200          0.125672
3       Biography           0.620628   0.698745  0.245228          0.020558
17       Thriller           0.617103   0.447921  0.333151          0.110276
1       Adventure           0.609503   0.480591  0.252550          0.062157
6          Family           0.583649   0.533493  0.178400          0.037735
2       Animation           0.560444   0.729730  0.122542          0.019954
9         History           0.556024   0.532374  0.115625          0.019320
16          Sport           0.549220   0.645833  0.099359          0.009419
13        Mystery           0.547930   0.382927  0.110408          0.042927
7         Fantasy           0.545868   0.444444  0.100251          0.036135
11          Music           0.518324   0.529412  0.037975          0.021464
12        Musical           0.514389   0.447368  0.029930          0.017147
19        Western           0.513591   0.600000  0.027397          0.006611
8       Film-Noir           0.499812   0.000000  0.000000          0.005796
{'jaccard': 0.35942699197363526, 'hamming': 0.08359113379046404, 'precision': 0.5369735466609967, 'recall': 0.38928754938960647, 'at_least_one': 0.5834795088502631, 'at_least_two': 0.04326795301121565, 'lemmatized': True}
score without drama and solver lbfgs and iter 100:
Metric      Genre  balanced_accuracy  precision    recall  genre_occurences
10         Horror           0.768839   0.669559  0.593050          0.090352
14        Romance           0.722821   0.536641  0.566327          0.112419
0          Action           0.693004   0.548567  0.495351          0.120117
5           Crime           0.674632   0.527623  0.418763          0.088812
15         Sci-Fi           0.666356   0.701439  0.342105          0.034414
18            War           0.653016   0.608150  0.312903          0.018716
4          Comedy           0.629177   0.496063  0.363200          0.125672
3       Biography           0.620628   0.698745  0.245228          0.020558
17       Thriller           0.617103   0.447921  0.333151          0.110276
1       Adventure           0.609503   0.480591  0.252550          0.062157
6          Family           0.583649   0.533493  0.178400          0.037735
2       Animation           0.560444   0.729730  0.122542          0.019954
9         History           0.556024   0.532374  0.115625          0.019320
16          Sport           0.549220   0.645833  0.099359          0.009419
13        Mystery           0.547930   0.382927  0.110408          0.042927
7         Fantasy           0.545868   0.444444  0.100251          0.036135
11          Music           0.518324   0.529412  0.037975          0.021464
12        Musical           0.514389   0.447368  0.029930          0.017147
19        Western           0.513591   0.600000  0.027397          0.006611
8       Film-Noir           0.499812   0.000000  0.000000          0.005796
 {'jaccard': 0.35942699197363526, 'hamming': 0.08359113379046404, 'precision': 0.5369735466609967, 'recall': 0.38928754938960647, 'at_least_one': 0.5834795088502631, 'at_least_two': 0.04326795301121565, 'lemmatized': True}
scores without drama + (balancing_ratio=0.5 & balanced_weights):
Metric      Genre  balanced_accuracy  precision    recall  genre_occurences
10         Horror           0.799735   0.602587  0.684932          0.090352
18            War           0.765162   0.435443  0.554839          0.018716
15         Sci-Fi           0.751899   0.499593  0.538596          0.034414
14        Romance           0.735355   0.494309  0.629699          0.112419
16          Sport           0.717073   0.477509  0.442308          0.009419
5           Crime           0.715103   0.448672  0.557104          0.088812
0          Action           0.709268   0.499342  0.572506          0.120117
3       Biography           0.701630   0.485569  0.419971          0.020558
17       Thriller           0.649612   0.391402  0.478511          0.110276
1       Adventure           0.649192   0.342565  0.390481          0.062157
4          Comedy           0.648405   0.431095  0.474898          0.125672
2       Animation           0.646529   0.398058  0.310136          0.019954
6          Family           0.644977   0.322972  0.340800          0.037735
9         History           0.636541   0.318718  0.295312          0.019320
13        Mystery           0.619645   0.251116  0.316456          0.042927
7         Fantasy           0.602408   0.271003  0.250627          0.036135
8       Film-Noir           0.589801   0.069565  0.208333          0.005796
19        Western           0.583477   0.237500  0.173516          0.006611
11          Music           0.565298   0.193717  0.156118          0.021464
12        Musical           0.547627   0.156627  0.114437          0.017147
{'jaccard': 0.3509714660328597, 'hamming': 0.10295540317865307, 'precision': 0.4472468379261554, 'recall': 0.5117737734545262, 'at_least_one': 0.6867591559028331, 'at_least_two': 0.1538297985435603, 'lemmatized': True}
scores without drama + (balancing_ratio=0.5):
Metric      Genre  balanced_accuracy  precision    recall  genre_occurences
10         Horror           0.780217   0.644307  0.625794          0.090352
18            War           0.745531   0.462774  0.511290          0.018716
15         Sci-Fi           0.737637   0.550000  0.501754          0.034414
14        Romance           0.722792   0.535651  0.566864          0.112419
16          Sport           0.695448   0.506122  0.397436          0.009419
0          Action           0.693356   0.554237  0.493089          0.120117
5           Crime           0.691849   0.486815  0.476886          0.088812
3       Biography           0.687601   0.538776  0.387665          0.020558
2       Animation           0.629093   0.438725  0.270802          0.019954
4          Comedy           0.628636   0.480137  0.371607          0.125672
17       Thriller           0.628355   0.429953  0.377224          0.110276
1       Adventure           0.626502   0.373789  0.318601          0.062157
6          Family           0.620211   0.342857  0.278400          0.037735
9         History           0.618419   0.353712  0.253125          0.019320
13        Mystery           0.594740   0.263994  0.245429          0.042927
7         Fantasy           0.582134   0.298469  0.195489          0.036135
19        Western           0.570478   0.250000  0.146119          0.006611
8       Film-Noir           0.568405   0.076531  0.156250          0.005796
11          Music           0.556823   0.218605  0.132208          0.021464
12        Musical           0.537026   0.163934  0.088028          0.017147
 {'jaccard': 0.3514903574782382, 'hamming': 0.09278158720034019, 'precision': 0.4809768068179805, 'recall': 0.4433902088981024, 'at_least_one': 0.623239249455164, 'at_least_two': 0.09807048317652688, 'lemmatized': True}
scores without drama + (balanced_weights):
Metric      Genre  balanced_accuracy  precision    recall  genre_occurences
10         Horror           0.812187   0.598045  0.715336          0.090352
18            War           0.779880   0.436823  0.585484          0.018716
15         Sci-Fi           0.779870   0.505944  0.597368          0.034414
14        Romance           0.744741   0.497846  0.651719          0.112419
3       Biography           0.727848   0.470930  0.475771          0.020558
5           Crime           0.726745   0.432924  0.598912          0.088812
16          Sport           0.724924   0.476667  0.458333          0.009419
0          Action           0.720770   0.506060  0.598140          0.120117
6          Family           0.671505   0.327890  0.401600          0.037735
1       Adventure           0.671414   0.330404  0.456532          0.062157
2       Animation           0.663870   0.385260  0.347958          0.019954
9         History           0.663697   0.313970  0.354687          0.019320
17       Thriller           0.659567   0.399694  0.500137          0.110276
4          Comedy           0.656383   0.428630  0.503483          0.125672
13        Mystery           0.640703   0.240948  0.379044          0.042927
7         Fantasy           0.626904   0.265814  0.312448          0.036135
8       Film-Noir           0.619225   0.079389  0.270833          0.005796
19        Western           0.601527   0.261364  0.210046          0.006611
11          Music           0.582686   0.224793  0.191280          0.021464
12        Musical           0.569698   0.173184  0.163732          0.017147
{'jaccard': 0.35738239093365864, 'hamming': 0.1055839047467177, 'precision': 0.44162888883826534, 'recall': 0.5464749552614326, 'at_least_one': 0.7179609844256631, 'at_least_two': 0.183915377664381, 'lemmatized': True}
scores without drama + (balancing_ratio=0.5 & balanced_weights) + prune:
Metric      Genre  balanced_accuracy  precision    recall  genre_occurences
10         Horror           0.795903   0.618650  0.671319          0.091207
18            War           0.767480   0.447619  0.558574          0.018744
15         Sci-Fi           0.746303   0.555447  0.519743          0.034656
14        Romance           0.735613   0.499886  0.624286          0.111383
0          Action           0.711841   0.499543  0.579883          0.119912
5           Crime           0.707420   0.439548  0.543759          0.088725
3       Biography           0.682957   0.462745  0.381877          0.019667
16          Sport           0.679906   0.495413  0.366102          0.009388
1       Adventure           0.648560   0.329336  0.395984          0.061802
17       Thriller           0.645682   0.398465  0.461296          0.111001
6          Family           0.644300   0.344416  0.334992          0.038380
4          Comedy           0.643431   0.424413  0.471783          0.126882
9         History           0.629683   0.323017  0.279732          0.018999
13        Mystery           0.617651   0.240000  0.318584          0.043153
2       Animation           0.608476   0.323725  0.234727          0.019794
7         Fantasy           0.603643   0.256969  0.258545          0.036311
19        Western           0.584249   0.246575  0.174757          0.006556
8       Film-Noir           0.580935   0.074725  0.185792          0.005824
11          Music           0.554349   0.182773  0.131420          0.021067
12        Musical           0.544983   0.154696  0.107692          0.016548
 {'jaccard': 0.34700164960821805, 'hamming': 0.10294680013496794, 'precision': 0.44762949156718135, 'recall': 0.5026290630975143, 'at_least_one': 0.680969519739062, 'at_least_two': 0.1495332358564841, 'lemmatized': True}





